131.19 53
66.65 72
64.40 55
60.94 67
55.79 59
51.52 57
50.18 55
48.83 59
43.71 61
43.19 60
42.66 59
41.99 56
41.48 63
41.47 58
41.09 58
40.74 52
39.83 61
38.53 65
39.27 61
36.33 50
34.30 65
33.82 59
33.20 58
33.17 66
32.75 57
32.30 64
30.89 58
29.67 59
29.00 66
28.62 56
27.18 61
27.05 73
26.48 57
26.00 52
25.92 58
25.84 60
25.62 54
25.48 59
25.37 67
24.84 63
24.79 81
24.04 56
23.84 60
23.38 59
23.15 61
22.19 57
21.78 46
21.74 57
21.61 63
21.32 61
21.18 63
20.87 69
20.83 66
20.81 61
20.78 63
20.05 59
19.99 57
19.87 51
19.83 61
19.83 52
19.79 59
19.77 60
19.66 62
19.34 63
19.26 49
19.23 60
19.20 60
19.09 43
18.77 52
18.59 54
18.54 64
18.39 59
17.85 63
17.76 52
17.68 49
17.68 59
17.54 49
17.52 56
17.45 63
17.36 64
17.27 61
17.17 57
17.13 60
17.03 52
16.84 63
16.67 57
16.55 62
16.54 68
16.51 57
16.44 66
16.38 63
16.24 61
16.17 66
16.07 68
15.84 65
15.61 65
15.57 58
15.53 60
15.52 61
15.44 49